image: delta_8f.pgm
resolution: 0.050000
origin: [-24.400000, -43.600000, 0.000000]
negate: 0
occupied_thresh: 0.65
free_thresh: 0.196

