image: /home/deltaagv/ros1_ws/map/231127_delta_8f.pgm
resolution: 0.030000
origin: [-11.527228, -19.762126, 0.000000]
negate: 0
occupied_thresh: 0.65
free_thresh: 0.196

