image: /home/deltaagv/ros1_ws/map/231128_delta_8f.pgm
resolution: 0.030000
origin: [-16.555118, -10.590478, 0.000000]
negate: 0
occupied_thresh: 0.65
free_thresh: 0.196

